0 382 138 53 48 861 478 136 118 497 575 205 145 411 464 146 111 746 595 199 124 120 80 59 41 550 352 101 96 684 472 173 154 361 326 111 90 391 391 113 97 0 150 34 52 520 300 90 84 331 253 88 76 956 524 217 185 325 181 65 40 600 387 134 119 777 354 167 157 551 211 71 56 635 271 90 91 712 327 100 136 430 184 57 55 567 162 22 21 308 153 52 35 504 242 90 92 774 208 53 32 567 162 22 21 117 24 35 26 304 142 54 35 953 539 288 171 468 233 54 71 594 391 151 112 625 249 71 68 
1 382 138 53 48 861 478 136 118 497 575 205 145 411 464 146 111 746 595 199 124 121 80 58 41 550 352 101 96 684 472 173 154 361 325 111 91 391 391 113 97 0 150 34 52 520 300 90 84 331 253 89 76 951 510 222 188 325 181 65 40 600 387 134 119 778 354 166 157 551 211 71 56 635 271 90 91 430 184 57 55 712 327 100 136 567 162 22 21 504 242 90 92 307 153 53 35 774 208 53 32 567 162 22 21 117 24 35 26 305 149 50 24 953 539 288 171 594 391 151 112 468 233 54 71 625 249 71 68 317 242 62 54 
2 382 137 53 49 861 478 136 118 497 574 205 146 411 464 146 111 746 595 199 124 121 80 58 41 550 352 101 96 684 472 173 154 361 326 111 90 391 391 113 97 0 150 34 52 520 300 90 84 331 253 89 76 951 510 222 188 325 181 65 40 600 387 134 119 551 211 71 56 778 354 166 157 636 271 89 91 430 184 57 55 712 327 100 136 567 162 22 21 307 153 53 35 567 162 22 21 504 242 90 92 774 208 53 32 117 24 35 26 304 142 54 36 953 539 288 171 594 391 151 112 468 234 54 70 317 242 62 54 625 249 71 68 
3 382 138 52 48 861 478 136 119 497 574 208 146 411 464 147 112 746 596 203 124 122 80 56 40 550 352 102 97 0 150 35 52 679 486 180 115 361 326 111 91 387 400 105 95 520 300 90 84 957 524 215 187 332 253 88 76 600 388 135 118 325 181 65 40 778 355 166 155 712 327 101 135 636 271 89 90 568 162 21 22 430 183 62 42 552 211 71 56 307 153 53 35 303 142 55 35 118 25 38 25 568 162 21 22 504 242 90 92 952 537 285 172 773 207 53 33 594 392 151 112 478 223 83 84 468 233 54 71 317 242 62 54 625 249 71 69 
4 382 138 53 48 862 479 135 116 497 580 213 140 412 474 143 111 123 79 56 41 746 595 206 125 550 351 102 97 0 151 36 50 680 486 180 116 361 325 111 92 520 300 90 84 957 523 217 189 332 253 88 76 387 400 105 96 599 388 136 119 778 355 166 155 325 181 65 40 711 327 102 136 636 271 89 90 430 183 62 42 552 210 71 57 568 163 22 21 307 153 53 35 503 241 91 93 304 142 53 35 952 537 285 172 568 163 22 21 468 233 54 71 594 391 150 113 773 206 52 34 478 222 83 85 391 399 112 101 
5 382 138 52 48 864 481 130 116 411 473 147 113 747 596 203 124 495 583 217 137 125 78 53 41 550 351 103 97 0 151 37 48 361 325 111 92 519 300 93 84 680 485 179 116 332 253 88 76 391 391 113 97 634 271 94 91 599 388 135 119 779 356 164 154 325 181 65 40 711 326 102 136 960 523 220 190 430 183 63 41 958 536 286 175 770 207 54 33 307 153 53 35 557 211 71 56 570 163 23 22 304 142 53 35 504 241 91 93 477 222 85 85 593 391 152 113 317 242 62 54 
6 382 139 53 47 411 471 149 116 745 597 206 123 863 484 167 113 492 607 223 113 128 78 50 40 550 351 104 97 0 151 39 47 361 325 111 92 519 300 93 84 687 475 173 150 601 388 134 119 332 253 88 76 391 391 113 97 633 271 96 92 325 181 65 40 963 522 218 192 779 356 164 154 430 183 63 41 711 326 103 138 768 207 55 33 965 536 276 173 558 209 70 59 575 163 21 23 307 153 53 35 305 149 50 24 477 221 84 86 317 242 62 54 
7 382 139 53 47 410 470 151 119 743 599 207 121 864 486 166 112 494 608 219 112 0 150 41 46 128 76 48 38 550 351 106 96 361 325 111 92 687 477 173 147 518 300 93 84 387 400 105 97 332 253 88 76 601 388 137 119 633 272 96 92 431 183 63 41 325 181 65 39 779 356 164 155 712 327 103 136 768 207 53 33 965 523 220 191 557 195 71 71 968 540 275 169 578 163 20 24 476 220 86 86 305 149 50 23 307 153 53 35 317 242 62 54 
8 382 139 53 48 409 471 153 118 865 486 165 113 748 599 210 121 128 75 49 39 494 572 219 148 0 149 42 47 550 351 107 98 361 324 111 93 685 477 180 147 601 388 138 119 517 299 96 86 391 392 113 96 331 253 88 76 632 270 99 93 433 183 61 40 712 328 104 137 325 181 64 39 777 355 166 156 765 207 54 34 557 195 71 71 967 541 273 169 963 524 226 192 476 219 85 87 500 566 165 107 303 143 55 34 316 242 63 54 581 164 22 23 311 158 51 23 
9 382 140 53 47 408 472 156 116 866 486 168 114 502 619 212 101 751 601 215 119 551 352 104 97 130 75 48 37 0 148 42 46 360 324 112 93 688 484 179 158 518 299 95 87 600 389 139 118 391 392 114 96 331 254 88 75 631 269 101 95 432 183 62 41 780 356 164 155 325 181 64 39 508 568 150 97 712 327 104 138 970 546 279 164 560 207 70 63 762 207 56 33 582 165 22 22 477 219 83 87 976 528 242 187 303 143 55 34 311 158 51 23 317 242 62 54 331 50 35 21 
10 381 140 55 47 407 473 160 117 866 487 167 116 508 625 209 93 131 73 48 38 551 353 104 96 688 487 182 158 0 147 43 45 758 609 213 111 360 323 112 94 518 299 94 87 331 253 88 76 601 389 139 118 391 392 114 96 431 183 64 42 632 270 97 94 325 181 64 39 713 328 103 138 781 356 163 155 972 552 279 160 476 218 83 88 559 192 70 74 762 207 56 32 513 574 142 88 976 529 240 188 583 166 23 21 305 149 50 24 311 158 51 23 317 242 62 54 
11 870 488 164 120 382 140 54 47 409 475 156 117 509 628 212 89 761 611 212 109 552 355 104 94 691 489 178 157 132 73 47 37 1 147 42 44 361 323 111 94 518 299 96 88 432 182 64 42 331 253 88 76 634 269 95 96 390 392 116 96 602 389 138 118 713 329 105 136 325 181 64 39 781 356 164 157 980 535 237 183 977 561 271 150 476 217 84 88 759 196 52 42 559 193 70 72 303 143 54 34 311 158 51 22 317 242 62 54 383 401 146 96 
12 870 488 167 122 383 140 53 48 409 477 157 116 760 615 218 105 513 633 205 81 552 355 105 95 691 490 179 158 361 323 112 94 519 299 94 88 1 145 42 45 331 253 88 76 433 182 62 41 634 269 94 96 390 393 117 94 605 389 136 120 325 181 64 40 713 328 106 137 781 355 164 159 564 206 70 66 758 197 52 42 979 563 279 149 330 48 38 26 987 541 232 174 476 218 83 88 303 143 54 34 311 158 50 23 384 402 143 94 317 242 62 54 
13 410 480 154 115 870 489 168 122 383 139 52 49 762 620 216 100 517 638 198 76 553 356 104 93 691 492 181 157 361 323 112 95 434 182 60 41 520 299 93 88 633 269 96 98 332 253 86 76 606 389 137 120 390 393 117 93 325 181 64 40 757 196 52 43 714 328 105 136 780 356 165 158 0 146 44 43 979 560 283 152 566 206 69 66 330 47 38 27 477 218 82 88 303 143 54 34 384 402 142 94 311 158 50 22 592 167 19 22 317 241 62 55 
14 410 481 155 116 762 624 216 95 382 140 53 49 871 488 167 125 554 357 102 92 516 639 198 77 692 493 178 159 361 323 112 94 434 182 60 42 520 299 95 89 607 391 139 118 331 253 87 76 567 207 70 65 634 268 95 101 389 394 118 92 751 207 56 32 325 181 64 40 0 139 44 46 778 354 169 165 714 327 106 138 136 70 45 37 332 46 36 27 476 218 83 87 984 564 281 150 304 148 51 25 595 171 21 23 383 402 142 94 311 158 50 22 317 241 62 55 655 289 98 94 
15 411 481 153 119 880 496 162 122 767 627 212 91 382 139 53 51 521 643 187 76 555 358 101 91 702 495 178 159 609 392 138 120 361 324 112 93 520 298 97 90 435 182 59 41 634 269 97 101 567 209 71 63 332 253 86 76 0 139 45 45 325 181 64 40 390 394 118 92 985 564 278 150 777 353 170 171 715 327 106 137 748 207 54 32 303 143 54 34 476 218 82 88 382 403 141 93 136 70 46 37 311 158 50 23 598 172 21 23 317 241 62 55 
16 383 139 53 51 879 496 169 124 413 482 149 121 767 632 214 85 554 358 103 92 521 649 187 71 704 495 178 161 609 392 139 120 360 324 113 93 519 298 97 90 0 138 54 46 331 252 87 78 635 268 95 101 436 182 58 40 325 181 64 40 390 393 119 94 779 354 168 169 566 208 71 64 746 195 50 44 716 328 106 135 303 143 54 34 988 568 276 146 476 218 81 88 383 404 139 91 311 158 50 23 601 172 21 24 316 241 63 55 713 322 103 120 
17 384 142 54 50 880 496 169 124 421 476 152 141 554 358 103 92 769 635 216 81 706 495 175 163 522 671 194 48 609 393 140 120 360 323 113 94 520 299 96 88 519 611 170 94 332 252 86 78 325 181 64 40 635 267 95 104 0 138 54 44 391 394 118 92 436 181 58 40 567 210 71 61 777 354 171 170 999 557 235 163 304 143 53 34 741 207 55 32 384 403 137 91 719 329 104 134 506 241 92 94 560 193 72 42 477 219 80 88 311 158 50 22 317 241 62 55 714 323 101 117 604 174 19 21 
18 384 142 54 50 884 498 166 123 422 479 153 140 704 495 182 165 554 358 101 91 775 639 206 77 360 323 113 94 523 673 200 46 0 135 54 47 610 394 140 120 520 299 96 89 325 181 65 39 332 252 86 77 516 633 199 85 635 267 94 105 392 393 117 94 777 353 173 173 436 181 57 38 304 143 53 34 504 241 94 93 751 336 82 126 738 207 57 33 384 403 138 93 477 219 81 88 567 209 71 62 560 193 71 42 561 191 73 83 311 158 50 23 991 580 269 133 317 241 62 55 715 325 100 113 781 362 176 168 
19 885 499 167 124 384 142 55 50 422 488 157 136 790 647 204 72 553 358 102 90 705 497 188 163 610 395 142 120 360 322 114 95 553 682 149 38 520 298 96 89 325 181 65 39 0 136 54 44 332 252 86 77 394 394 115 93 774 353 175 172 523 626 189 91 647 273 103 101 1018 566 194 109 504 241 93 92 751 336 82 127 304 143 53 34 607 175 23 22 437 182 56 37 386 404 134 92 560 192 71 44 561 192 73 81 477 220 80 87 311 158 51 22 317 241 62 55 
20 423 498 154 125 888 503 167 123 385 142 55 50 552 357 105 92 792 648 205 71 710 497 193 163 360 323 113 95 552 687 152 33 610 395 143 122 0 137 55 42 520 298 96 89 325 181 65 39 332 253 86 77 751 334 81 129 778 355 173 169 396 393 113 94 504 241 93 92 648 272 101 103 560 193 72 43 608 177 24 22 304 143 53 34 437 182 56 37 385 404 137 94 566 213 73 59 477 220 81 87 716 326 101 110 734 196 52 41 311 158 51 22 783 366 175 160 520 632 193 85 558 194 77 77 317 242 62 54 
21 891 508 161 119 423 502 155 121 385 142 55 51 552 359 105 89 793 653 207 66 706 509 195 166 611 397 143 121 360 322 114 96 0 136 55 43 332 252 86 78 324 181 66 40 521 299 95 88 749 334 85 129 785 366 175 161 559 194 75 41 391 405 118 94 522 637 200 81 504 241 95 94 567 212 72 62 650 272 98 103 477 219 81 88 305 148 50 24 611 178 24 23 1021 573 209 147 384 405 138 94 732 207 52 32 716 326 101 109 436 182 58 38 311 158 51 23 317 241 62 55 
22 419 494 164 146 893 510 162 117 384 142 57 51 794 658 205 61 709 510 195 167 551 359 106 90 360 322 114 96 610 399 144 120 0 134 56 43 522 641 202 76 331 253 87 77 324 181 66 40 390 406 121 94 521 298 94 90 749 335 85 126 781 354 175 172 504 241 94 95 1024 582 205 138 649 272 99 102 558 194 78 42 476 217 81 91 567 212 73 64 303 142 54 35 714 326 103 110 307 153 53 36 615 178 22 24 317 241 62 55 
23 385 143 56 50 893 511 163 117 420 498 167 142 793 663 212 54 710 509 196 172 552 359 105 90 390 408 122 93 360 322 115 96 610 399 144 122 324 181 66 41 0 134 56 41 332 253 86 77 521 297 93 91 527 646 187 71 749 336 86 124 788 366 174 167 1034 583 218 137 558 195 81 40 569 214 73 63 505 241 93 95 477 218 79 90 651 272 97 101 303 142 54 35 724 196 48 42 307 153 53 36 712 326 103 108 317 241 62 55 616 179 22 23 
24 385 143 57 50 422 501 164 143 891 512 169 116 793 666 219 49 712 512 198 171 389 409 126 93 553 358 104 92 360 322 115 96 611 399 145 125 0 125 54 47 521 296 94 93 332 253 86 77 324 180 66 41 576 225 68 53 748 337 88 121 1036 585 216 135 785 354 173 171 652 273 97 102 557 195 85 42 505 240 92 95 719 196 50 41 476 218 80 90 303 143 54 35 540 654 176 65 711 326 103 108 317 241 62 55 311 157 51 24 628 253 80 84 
25 386 144 56 50 424 505 162 142 893 514 168 118 388 409 129 95 554 358 102 93 810 670 203 47 717 515 198 172 611 400 145 124 359 322 116 96 1 126 54 45 575 224 72 55 1044 595 206 122 748 336 90 121 522 295 93 95 324 181 66 40 332 253 85 77 787 353 173 173 505 241 92 93 717 195 50 43 558 196 83 40 652 273 96 99 476 218 80 89 308 153 52 35 724 332 104 126 627 253 83 83 305 148 50 26 
26 385 143 57 51 429 515 162 138 892 514 171 117 388 410 127 94 554 359 104 93 719 519 196 167 359 322 116 96 2 126 54 44 1046 597 211 123 815 673 197 44 611 400 146 125 745 337 95 118 521 296 93 93 575 224 72 55 332 253 86 77 324 180 66 42 789 351 172 177 504 241 92 94 558 196 84 41 476 218 81 89 650 274 95 93 714 194 52 44 304 143 53 35 627 253 84 83 724 332 107 126 312 157 50 24 
27 386 144 57 50 429 517 167 141 902 516 175 137 394 410 124 95 724 528 195 167 554 357 103 94 358 321 117 97 612 403 145 122 2 128 56 40 1051 602 210 118 813 677 205 40 745 338 97 117 325 181 65 39 520 297 93 92 576 223 71 57 332 253 84 77 625 250 85 83 505 240 92 94 303 142 55 36 790 352 172 175 709 196 51 41 652 274 92 94 307 153 53 35 475 217 80 89 727 332 101 126 317 242 62 54 
28 385 144 58 51 428 521 172 142 902 518 179 136 394 412 128 96 722 521 201 170 612 405 142 118 555 357 103 94 359 320 117 98 4 127 54 39 743 337 100 119 826 684 184 36 519 297 92 93 325 181 65 40 333 252 83 78 1060 607 206 109 575 222 72 59 707 195 50 42 303 143 55 35 475 216 80 91 505 240 91 94 627 250 84 82 317 241 62 55 789 350 176 178 652 276 91 89 459 197 80 95 726 332 105 127 
29 425 524 177 145 385 144 58 52 904 520 180 139 394 412 128 98 730 529 193 172 359 320 119 98 5 127 55 39 555 357 106 95 831 686 179 34 613 407 140 117 742 337 104 119 333 253 83 77 519 298 92 92 576 222 71 60 325 181 64 40 702 195 49 41 584 689 130 30 307 152 54 36 627 252 84 78 505 241 91 94 476 218 79 88 629 185 29 27 317 241 62 55 128 15 34 19 1047 618 225 101 651 277 92 85 725 333 107 126 317 1 32 11 
30 429 526 177 148 386 144 58 52 908 521 181 139 395 414 128 96 729 530 201 175 6 125 55 40 359 320 118 99 554 356 109 95 742 337 105 119 620 411 150 125 519 298 90 92 696 196 49 41 333 253 82 77 576 223 71 59 325 181 64 41 834 688 175 32 303 143 56 35 506 242 90 92 144 57 36 33 476 218 79 88 801 396 179 153 317 241 62 55 632 186 27 26 627 251 85 78 317 1 33 11 129 15 32 18 436 187 57 51 656 284 87 60 
31 432 528 174 148 386 145 58 52 907 532 189 122 398 417 124 97 726 533 209 175 359 322 118 97 7 124 56 40 554 358 109 92 623 413 149 122 575 222 74 61 332 253 83 77 692 195 50 41 325 181 65 40 743 339 106 116 518 297 93 94 303 143 56 35 799 395 184 155 506 241 90 94 635 186 26 26 318 1 33 12 656 284 87 60 476 218 79 89 626 251 85 79 833 697 179 22 317 241 62 55 727 334 103 124 437 187 56 51 
32 386 146 58 52 430 533 175 146 912 525 187 141 398 418 125 98 7 121 57 41 359 322 118 99 728 537 207 171 555 359 110 92 575 222 74 61 624 415 149 121 332 252 83 78 692 194 47 42 325 181 65 40 519 297 95 94 744 341 106 115 303 142 56 36 802 393 181 160 728 334 102 126 476 218 79 88 318 1 33 12 507 241 89 94 638 189 24 23 317 241 62 55 625 251 71 70 650 276 93 87 437 187 56 52 
33 386 146 58 52 438 544 171 142 915 527 188 144 360 322 117 100 752 539 179 175 398 418 125 99 555 360 109 91 8 121 56 40 574 223 75 60 626 416 148 121 332 252 83 78 325 181 65 40 520 297 95 95 687 194 46 42 745 341 106 114 802 393 181 160 638 190 27 23 303 142 56 36 650 277 94 85 625 251 71 70 319 2 32 11 317 241 62 55 507 241 88 94 437 186 56 53 475 218 80 89 
34 386 147 58 51 439 546 174 147 921 529 181 145 556 360 111 91 359 321 120 101 736 542 193 169 9 120 55 40 397 418 127 99 575 223 74 61 629 417 146 122 332 253 83 77 520 298 96 94 685 196 45 40 325 181 65 40 744 340 111 115 307 153 55 34 649 276 95 88 442 187 53 49 317 242 62 54 319 2 32 11 476 218 80 89 708 321 95 101 802 393 184 161 626 250 70 71 304 148 52 25 508 240 88 96 
35 439 551 175 148 386 147 59 52 923 528 183 149 360 319 119 103 751 543 189 174 557 359 112 93 8 116 58 40 332 253 83 77 398 419 124 98 632 419 144 122 521 297 94 95 575 223 74 61 325 181 65 40 682 197 44 39 743 342 113 113 307 153 55 34 316 241 63 55 650 276 95 90 710 322 92 98 442 188 53 49 476 218 81 89 318 2 33 12 801 390 187 167 304 148 51 25 507 240 88 97 315 188 82 47 
36 386 148 59 52 440 555 173 149 558 360 112 92 918 541 193 121 747 561 203 156 361 319 118 104 9 116 58 39 331 253 85 77 398 418 128 100 521 297 100 95 636 421 140 121 325 181 65 40 576 224 73 62 744 342 112 114 307 153 54 35 316 241 63 55 647 276 99 90 678 195 43 41 801 389 188 169 303 143 55 34 318 2 34 12 369 282 87 77 711 324 93 92 477 218 80 90 506 240 88 98 
37 386 147 59 53 925 540 188 148 444 563 171 149 558 359 112 94 749 560 207 157 362 319 119 104 10 115 56 39 331 252 85 78 522 297 98 94 394 424 135 101 640 423 138 121 325 181 65 40 582 226 72 60 806 388 183 172 649 277 97 87 307 153 54 34 744 341 110 116 316 241 63 55 627 253 86 65 675 196 42 39 317 2 35 13 507 240 89 97 370 282 86 78 136 10 35 22 304 149 51 24 727 331 107 130 
38 386 147 59 53 445 564 176 150 558 360 114 94 362 318 117 105 757 561 210 159 11 115 56 37 330 252 85 78 933 543 181 148 397 426 132 101 523 297 99 94 325 181 65 40 581 226 74 60 642 424 137 120 650 278 96 84 135 11 35 21 306 153 55 34 627 254 86 64 316 241 63 55 506 240 90 97 804 387 189 174 746 342 108 113 370 281 86 79 708 323 97 95 316 3 36 12 304 148 51 25 477 218 78 90 
39 444 566 181 153 386 148 60 53 558 362 115 93 363 318 119 107 399 430 130 100 764 563 201 157 13 115 54 36 331 253 84 78 522 297 100 94 937 546 176 150 325 181 65 40 653 279 94 83 628 425 166 123 582 226 73 60 306 153 54 35 136 11 34 21 808 389 184 173 505 240 92 98 626 253 86 65 370 282 85 79 316 241 63 55 304 148 51 25 744 342 110 113 727 332 108 125 808 389 184 173 476 218 79 90 
40 391 149 57 54 442 572 180 148 364 321 119 105 560 362 113 95 938 549 180 153 769 565 199 155 400 430 128 102 15 114 53 36 331 253 84 78 521 296 100 95 325 181 65 40 627 426 170 122 654 280 93 84 811 387 181 178 370 282 85 79 579 226 83 58 306 153 54 35 505 240 92 98 317 241 62 55 744 341 112 115 676 364 41 60 304 148 51 25 627 253 86 65 476 217 80 92 
41 453 583 183 137 390 150 59 53 366 320 116 106 938 552 182 154 559 362 115 97 401 435 131 99 771 567 198 153 331 252 84 80 17 113 51 36 522 297 98 93 655 281 92 82 628 426 171 124 325 181 65 40 740 341 120 116 371 282 85 79 306 153 54 35 816 389 180 178 505 240 93 98 579 226 83 58 627 251 67 70 316 241 63 55 678 362 40 64 816 389 180 178 304 148 51 25 476 217 80 91 
42 444 595 182 118 391 150 57 53 942 553 194 156 771 573 197 147 366 321 116 106 560 362 114 98 401 437 132 99 18 112 53 36 331 252 84 79 522 297 99 93 627 426 171 128 655 279 91 86 319 181 74 38 741 341 120 116 370 283 85 77 307 152 53 36 818 388 182 183 618 249 82 81 505 240 93 98 339 66 47 28 138 10 33 21 317 241 62 55 304 148 51 25 655 191 38 47 476 218 80 90 579 226 84 59 
43 454 597 192 122 391 151 58 52 943 557 204 152 775 582 200 138 561 362 115 99 366 322 117 106 401 440 130 98 19 111 51 36 331 252 84 79 639 434 164 133 522 298 99 91 653 279 92 85 325 185 66 52 651 191 37 49 370 284 87 76 619 250 83 81 307 153 53 35 505 240 94 98 744 342 120 115 340 65 46 29 822 391 183 184 317 241 62 55 476 218 79 90 304 148 51 25 
44 453 599 195 121 391 151 58 53 769 594 212 123 405 442 126 99 946 566 206 146 366 325 118 104 563 361 115 101 19 109 52 37 521 299 101 90 330 253 85 77 639 435 164 132 653 279 92 87 325 185 66 52 339 56 48 37 367 290 90 61 307 153 53 35 617 252 82 79 824 392 182 185 743 341 122 116 505 241 95 96 649 191 39 49 580 227 85 58 138 10 33 21 317 241 62 55 476 218 76 89 304 148 51 25 683 382 39 51 
45 452 600 206 120 770 594 210 126 391 151 58 53 405 444 130 99 365 325 121 104 564 360 115 103 20 108 51 37 952 566 205 150 521 299 101 90 330 253 85 76 654 279 93 88 641 434 164 138 338 57 49 36 325 185 66 53 614 251 83 79 369 288 85 53 307 153 52 35 581 227 87 59 646 191 43 48 138 10 33 21 505 241 96 96 823 392 185 184 819 371 186 190 745 341 120 117 476 218 76 89 317 241 62 55 684 381 45 53 304 148 51 25 745 341 120 117 
46 456 605 202 114 772 595 202 125 391 151 58 53 364 326 124 106 566 358 115 107 522 299 99 90 963 570 199 146 21 109 50 34 403 446 132 98 330 253 85 76 653 278 94 90 340 58 48 36 325 185 66 52 367 289 92 63 615 251 83 79 644 437 162 140 582 229 87 57 138 10 33 22 307 152 52 36 829 394 179 185 505 240 94 98 741 340 127 118 317 241 62 55 475 218 76 89 
47 461 619 203 98 965 576 200 141 390 151 60 53 775 596 200 124 364 327 124 106 566 357 116 108 523 299 98 89 403 446 133 100 329 252 87 77 653 278 94 90 20 105 53 34 367 289 92 63 340 59 48 35 646 439 165 141 325 184 66 53 612 251 84 78 307 152 53 36 583 230 86 56 505 240 94 98 829 412 190 176 741 341 127 117 741 341 127 117 317 241 62 55 475 218 76 89 140 11 30 20 
48 969 581 203 138 391 151 59 53 523 299 99 90 569 357 114 109 460 627 195 89 775 598 204 122 403 451 141 105 24 106 53 32 365 325 123 109 329 252 88 76 654 278 92 89 645 451 170 125 366 289 93 62 325 184 66 54 341 59 48 35 615 250 83 80 831 410 191 180 505 239 94 99 306 153 54 34 139 11 31 19 745 343 126 117 583 229 85 57 317 241 62 55 731 347 154 110 475 217 76 90 712 318 92 115 
49 567 373 120 96 392 152 58 52 524 299 97 90 406 457 137 103 974 584 203 135 786 607 224 113 462 637 195 80 329 252 87 77 363 345 130 98 24 105 53 33 653 278 92 89 645 451 172 126 325 184 67 54 342 59 47 37 366 289 94 64 617 249 83 81 702 397 44 48 303 143 54 34 506 239 93 101 743 343 127 118 835 409 187 184 584 230 86 57 317 241 61 55 700 375 43 68 475 216 76 92 140 9 30 21 309 158 52 23 457 197 81 94 
50 566 374 121 96 524 298 96 92 409 459 141 104 394 152 55 52 362 343 133 100 785 612 227 108 25 104 52 33 366 289 95 65 329 252 87 77 975 586 205 134 654 278 90 89 325 184 67 53 658 444 167 150 460 643 199 77 342 58 47 38 616 249 84 83 703 397 43 51 728 348 155 112 107 34 37 23 506 238 93 102 834 409 192 185 140 10 30 19 474 215 75 93 834 409 192 185 306 153 52 35 317 241 62 55 456 197 81 94 304 148 51 25 589 237 63 59 
51 566 376 119 93 410 461 139 103 361 344 139 101 523 299 96 90 394 158 58 48 792 615 223 105 26 104 51 33 459 646 205 74 366 288 95 66 977 589 203 131 329 252 87 77 342 59 47 38 325 184 66 53 654 279 91 88 835 412 191 183 659 444 165 152 616 248 83 83 745 344 129 118 703 396 45 53 473 215 77 93 139 9 30 21 505 238 93 101 317 241 62 55 109 33 35 23 306 153 52 35 304 148 51 25 456 197 81 94 589 236 63 60 
52 567 379 119 93 362 343 138 103 411 462 139 105 525 299 94 91 393 158 59 48 462 653 192 67 27 102 51 34 795 616 224 104 366 288 95 66 329 252 88 76 990 600 204 117 654 279 91 88 325 185 66 52 616 249 83 83 837 412 188 184 732 350 157 112 662 446 162 152 473 216 77 92 505 238 93 101 711 410 43 43 343 61 46 36 304 148 51 25 317 241 61 55 455 197 82 94 306 153 52 34 140 9 30 21 588 236 64 61 
53 567 379 121 95 364 348 135 101 393 157 59 49 525 298 95 93 411 465 139 105 794 620 220 100 471 661 189 58 329 252 88 76 28 100 50 35 325 184 66 53 655 279 90 88 366 288 95 69 617 250 82 82 984 602 227 118 746 345 130 121 505 239 92 100 836 410 192 189 473 215 76 93 664 458 166 140 306 153 52 35 317 241 61 55 304 149 51 24 839 394 206 199 455 196 82 96 588 236 64 60 
54 569 381 118 95 363 347 135 104 796 627 221 91 395 157 57 50 412 468 134 106 526 297 93 95 464 674 206 43 984 603 229 117 329 252 89 76 29 100 50 33 324 183 68 55 655 279 89 88 617 250 81 81 366 288 94 70 737 351 152 117 664 460 172 144 506 239 92 100 839 413 205 195 474 216 75 92 306 153 52 35 304 149 51 24 317 241 61 55 712 414 46 43 627 186 20 33 455 197 82 94 706 311 92 90 
55 570 382 120 96 364 349 135 104 396 157 57 50 526 296 93 96 807 637 203 82 412 470 135 105 30 99 51 33 329 252 89 76 324 183 68 55 618 250 80 82 366 287 93 72 656 279 89 88 743 352 154 116 992 604 224 116 505 239 94 100 668 460 165 146 471 683 175 37 705 313 94 88 317 241 61 55 305 153 53 35 473 216 76 92 681 215 30 52 840 392 209 203 304 148 51 25 844 416 199 194 455 197 82 94 
56 571 383 120 96 366 350 132 104 398 157 56 50 813 643 205 76 526 297 93 95 411 470 139 105 328 252 90 76 30 98 52 33 324 183 68 55 367 288 92 72 669 464 170 150 616 249 80 84 997 617 238 103 655 277 90 91 738 355 160 113 504 238 97 101 495 688 158 32 317 241 62 55 683 216 32 53 305 153 53 36 474 217 75 90 112 29 37 20 718 392 46 66 304 148 50 25 683 230 36 51 474 217 75 90 711 320 93 100 
57 567 385 132 96 398 157 58 52 367 350 132 104 408 479 153 109 526 295 96 99 324 182 68 57 329 252 88 77 31 98 51 34 815 647 205 70 614 250 80 80 367 285 89 79 673 465 170 155 760 365 132 110 504 239 96 98 657 281 87 87 855 441 203 177 350 67 43 36 316 241 63 56 301 144 55 34 992 624 242 94 112 34 36 20 711 323 94 89 472 215 73 93 683 230 38 50 761 351 125 120 310 157 50 24 620 189 19 30 
58 566 385 137 100 398 158 57 52 368 354 131 102 410 481 150 112 527 298 97 98 31 98 53 33 324 182 68 56 760 366 134 111 615 251 81 78 329 252 87 77 855 437 207 184 349 67 45 36 505 241 95 94 367 299 95 82 656 283 89 86 709 325 98 80 727 427 44 45 306 152 53 35 317 242 62 54 684 229 36 53 670 483 175 142 470 214 73 95 814 655 208 63 683 219 34 51 992 630 246 87 519 271 90 99 
59 566 386 138 100 410 485 149 110 399 158 57 51 368 355 129 99 527 296 99 99 32 95 55 34 861 437 209 185 758 363 139 115 329 252 88 76 324 183 68 55 615 250 80 82 368 298 94 83 671 483 180 143 504 240 97 97 656 278 90 90 703 316 98 83 317 241 62 55 350 67 43 35 730 427 44 46 520 271 91 100 307 153 52 34 997 632 244 84 685 226 35 56 471 215 74 93 686 219 32 54 
60 411 487 149 110 567 386 137 102 399 158 58 51 369 359 130 98 527 297 103 98 34 94 52 35 759 363 139 116 325 183 67 55 329 251 88 77 615 250 82 82 682 482 173 146 368 299 93 81 709 323 97 81 503 240 98 96 656 279 89 89 349 67 45 36 302 143 55 35 317 241 62 55 864 436 208 190 731 425 46 50 471 215 74 93 687 225 34 58 310 157 50 23 
61 412 495 146 105 399 159 58 52 567 388 137 100 527 299 103 96 757 365 143 116 35 95 51 34 683 484 176 149 368 359 131 103 329 252 87 77 368 300 91 78 324 182 68 57 708 326 99 80 503 242 97 92 615 250 79 79 657 284 89 85 301 143 56 35 316 241 64 55 351 75 44 30 870 438 204 195 870 438 204 195 470 215 73 92 736 441 44 39 311 157 49 23 470 215 73 92 
62 410 495 151 108 400 159 58 51 568 389 136 100 526 298 106 97 362 364 146 109 687 483 175 157 756 364 148 118 707 325 101 79 368 300 92 77 330 252 88 77 324 182 68 57 37 92 53 33 502 240 99 94 616 250 80 81 656 282 90 86 876 438 199 198 351 78 43 29 305 152 53 35 317 241 62 55 6 139 18 39 326 237 57 38 471 216 74 92 
63 363 368 145 106 400 159 58 51 418 502 143 114 582 389 125 100 526 299 110 96 761 367 143 117 689 484 177 161 39 93 52 32 707 325 100 78 367 300 94 77 330 252 88 77 325 183 67 55 502 240 99 94 615 250 80 81 656 281 89 88 351 78 44 29 741 418 50 66 879 438 199 204 696 225 29 58 317 241 62 55 307 153 53 34 743 442 49 44 9 139 19 38 304 149 51 25 471 216 74 91 1036 674 238 45 112 26 41 26 
64 363 369 145 109 400 159 59 53 525 300 108 95 410 503 157 117 571 397 133 98 687 487 183 165 367 302 94 73 706 327 100 76 331 252 86 78 40 93 51 31 324 181 68 58 758 369 149 116 656 285 87 81 503 242 98 90 615 251 79 79 305 152 53 36 890 468 209 183 745 432 50 58 317 241 63 55 769 363 141 123 327 236 58 39 472 216 74 92 468 232 54 73 
65 363 372 144 108 412 512 153 115 400 160 61 51 527 300 108 96 685 488 188 168 366 302 94 74 330 252 87 78 584 395 126 105 706 326 100 79 889 462 213 193 324 181 68 58 41 94 50 29 503 242 98 92 656 284 86 83 748 432 49 59 760 371 145 113 306 152 52 36 617 251 78 82 770 365 141 122 316 241 64 56 470 215 75 93 326 237 58 38 749 457 50 38 700 231 33 54 
66 364 373 146 108 412 515 154 112 527 300 107 96 400 159 62 52 330 252 87 78 366 301 95 74 586 397 125 104 706 324 100 80 752 433 49 61 502 241 98 93 42 93 49 29 755 457 48 41 695 490 190 172 657 283 85 84 324 181 68 58 769 363 143 124 615 251 80 81 885 456 228 206 885 456 228 206 762 370 141 112 306 153 54 34 700 232 36 52 316 240 63 56 304 149 51 25 324 236 59 39 701 244 37 48 472 217 75 89 468 232 55 72 
67 365 375 143 109 527 300 108 96 401 160 59 52 418 513 159 122 587 400 123 104 706 324 98 80 331 252 85 78 366 301 95 73 42 92 49 29 882 458 235 205 502 242 99 92 753 439 46 55 657 285 84 82 754 453 47 47 324 181 68 58 615 250 81 82 772 363 140 125 698 494 185 168 316 240 64 56 306 153 53 34 763 368 140 116 702 233 35 51 326 236 58 39 468 232 55 73 889 475 231 189 471 217 75 91 
68 363 380 149 105 590 405 123 103 526 300 108 97 400 161 60 53 424 528 150 118 706 325 99 79 367 302 96 74 44 92 48 30 330 252 86 79 658 286 84 81 503 241 98 91 325 182 67 57 698 492 187 174 886 462 231 203 759 469 47 37 614 250 81 81 886 462 231 203 306 153 53 34 775 366 136 123 765 370 136 116 755 439 45 54 17 129 20 35 317 240 63 57 327 236 59 39 303 148 52 26 469 216 74 92 703 234 37 50 468 232 55 73 357 87 39 24 
69 362 381 151 107 427 531 148 118 526 301 109 96 591 407 125 103 402 160 58 54 366 302 97 73 330 251 86 80 705 324 100 80 696 504 195 163 758 447 48 57 324 182 68 56 891 460 231 212 657 286 86 81 44 89 48 30 503 241 97 91 19 130 22 34 778 366 134 124 614 249 81 81 306 152 52 36 316 240 64 57 760 472 46 36 891 460 231 212 326 236 59 40 468 232 55 73 704 234 37 50 767 372 132 112 303 148 51 26 469 216 74 92 
70 363 382 151 110 423 535 158 120 594 411 124 101 525 300 111 97 402 160 58 53 367 302 98 72 330 251 87 80 705 324 100 79 759 447 49 59 46 88 47 31 657 285 86 83 503 240 96 94 699 489 196 178 898 461 234 216 324 182 68 56 614 249 82 82 780 370 135 121 22 128 21 34 316 240 63 56 761 472 46 37 307 153 53 35 304 148 50 25 326 236 59 39 356 88 40 23 914 490 216 191 469 216 74 92 
71 424 533 164 136 363 389 150 113 594 411 127 104 526 301 108 96 402 160 60 55 367 302 99 76 329 253 87 80 704 324 103 81 702 505 193 177 45 88 48 31 658 284 83 83 761 450 46 57 505 241 95 91 324 182 68 57 307 153 53 34 904 468 232 208 780 373 138 122 316 240 64 56 469 214 72 95 24 129 21 31 617 249 80 84 326 236 59 40 468 232 54 73 24 129 21 31 303 148 52 25 
72 363 391 152 114 429 533 162 142 598 414 129 102 525 301 111 97 402 160 60 56 367 301 100 78 704 324 104 80 329 253 88 80 705 508 197 182 763 459 54 58 905 474 236 203 657 284 84 83 324 182 68 57 505 241 95 91 46 86 47 32 24 129 22 30 307 153 53 34 780 376 140 118 317 240 63 56 469 215 72 93 616 249 82 84 326 237 59 39 359 89 41 26 468 232 54 73 776 395 149 106 712 244 32 51 304 148 51 25 
73 601 415 126 103 364 392 150 115 428 535 169 142 525 301 111 97 704 324 104 81 366 301 101 79 403 160 60 56 330 251 87 82 765 462 51 56 657 283 86 84 904 473 240 207 504 240 96 92 781 394 143 108 324 183 67 55 46 85 48 33 705 509 201 184 26 129 23 29 617 249 81 85 307 153 54 34 714 244 30 53 470 216 72 93 26 119 22 32 304 150 51 23 317 240 63 57 468 232 54 73 766 485 51 36 358 87 41 28 783 378 137 118 327 237 58 39 
74 602 415 128 105 703 324 105 80 373 393 144 120 429 561 174 118 404 160 60 57 524 301 112 98 328 253 89 80 366 300 102 83 782 389 146 116 659 285 83 82 324 182 67 56 505 241 94 91 706 511 203 186 908 475 234 204 716 246 31 50 767 466 48 57 28 129 24 28 618 250 83 82 307 153 54 34 27 120 23 30 46 85 48 33 469 215 72 93 317 241 63 55 327 237 58 38 468 232 54 73 304 149 51 24 
75 431 554 178 142 704 324 106 81 602 420 131 110 378 396 138 120 404 161 61 55 365 302 105 82 522 301 114 97 710 511 202 185 328 253 88 80 659 283 83 85 783 388 148 118 505 241 95 91 324 181 68 58 618 250 83 83 718 247 31 52 306 153 55 35 766 473 51 56 30 120 23 30 316 240 64 56 469 215 73 92 356 80 46 37 32 129 23 27 910 487 261 214 468 232 54 72 326 237 59 38 46 84 50 34 910 487 261 214 304 149 52 25 
76 604 422 133 109 704 323 107 81 438 560 170 143 378 397 139 119 405 161 61 55 522 302 116 96 716 511 196 184 366 302 105 82 784 386 148 120 328 252 91 81 656 283 89 85 505 241 95 92 357 79 45 39 324 182 68 56 620 250 83 84 469 214 71 94 719 246 32 54 344 68 39 20 308 153 54 34 915 486 262 218 305 150 51 23 468 231 55 73 915 486 262 218 767 473 51 60 317 240 63 56 
77 705 324 105 80 608 424 131 110 443 562 165 144 379 401 138 117 724 530 200 179 406 161 60 55 367 303 104 80 526 320 120 88 791 389 142 119 327 251 91 82 656 282 87 86 506 241 94 92 324 182 68 56 620 249 83 86 355 79 48 40 918 488 269 218 468 213 70 95 768 473 50 64 307 153 54 34 316 240 64 57 304 149 51 24 934 512 244 202 51 83 50 31 468 231 55 74 591 226 67 62 
78 612 427 130 109 705 324 105 81 376 423 157 110 368 304 102 81 355 81 50 40 528 321 117 87 406 162 60 54 443 562 167 145 726 532 205 181 920 493 273 215 329 253 90 81 659 282 82 87 324 181 68 58 768 474 48 65 799 391 139 120 507 242 94 92 468 213 71 93 617 249 82 83 307 153 54 34 316 240 63 56 303 149 53 24 326 236 58 39 591 228 67 59 52 85 48 29 345 69 38 20 
79 613 428 133 110 443 590 169 120 705 323 104 81 376 422 158 115 529 321 115 88 355 80 49 41 370 305 100 80 407 162 59 53 728 536 204 175 800 393 138 120 329 253 92 82 507 243 92 90 657 282 85 87 325 184 66 54 768 475 49 66 468 215 71 91 617 248 81 84 936 511 262 203 345 68 39 19 309 157 56 24 304 149 52 23 317 240 62 56 327 237 57 38 728 253 36 63 591 228 67 59 467 231 57 74 
80 613 428 132 112 705 325 105 78 443 594 171 118 377 421 156 118 528 322 117 87 369 305 101 81 803 396 140 119 354 80 51 40 730 543 199 168 408 161 58 54 330 253 91 81 656 282 87 86 507 243 94 89 766 486 51 62 942 512 261 201 325 181 64 41 469 216 71 89 617 249 84 85 316 240 63 55 309 156 56 24 305 150 51 23 467 231 57 74 327 237 57 39 
81 444 598 178 118 610 434 142 114 703 324 109 80 380 422 143 118 527 319 119 92 353 79 52 42 371 305 100 83 330 253 90 80 735 547 212 172 410 162 56 53 655 282 89 86 507 245 92 87 804 398 143 117 325 181 64 42 615 249 84 83 767 493 48 58 317 240 62 56 468 217 72 87 943 515 264 195 309 156 55 25 42 115 24 29 304 149 51 24 468 232 57 73 327 237 57 39 145 0 32 17 126 22 30 23 
82 440 600 188 119 703 326 112 78 610 436 145 115 381 425 140 118 531 321 124 90 370 308 100 81 352 80 53 41 330 253 91 79 765 500 50 59 805 401 147 121 410 162 57 53 507 246 92 85 731 551 196 159 656 283 84 85 325 183 66 55 618 250 83 82 45 114 25 29 316 240 63 56 469 218 72 85 951 497 283 215 309 156 55 25 327 237 58 39 304 149 51 24 591 228 68 58 467 232 59 72 584 205 67 46 
83 442 604 185 114 609 436 148 118 704 327 111 77 383 427 137 119 532 320 123 91 354 80 51 42 371 311 100 78 803 406 155 118 763 502 53 59 330 253 91 79 507 246 92 86 411 162 57 52 657 283 86 85 615 251 83 81 316 240 63 56 325 183 66 55 964 499 267 211 45 108 21 28 737 560 214 160 309 156 55 25 47 115 22 26 470 220 73 85 468 233 58 71 734 266 37 56 305 150 50 24 583 205 68 46 0 392 63 170 586 230 83 54 738 561 246 152 
84 611 444 146 115 451 621 205 97 706 328 109 76 372 314 100 79 534 320 119 92 383 433 162 134 354 80 52 42 802 407 159 118 331 253 91 81 656 284 90 84 615 250 83 82 509 246 89 88 48 108 21 28 316 240 63 55 325 182 66 56 960 517 280 203 744 562 209 158 411 162 57 53 469 218 73 87 758 507 51 58 309 156 55 25 50 116 20 23 468 233 58 71 741 267 33 57 744 562 209 158 304 150 52 24 0 378 64 169 
85 454 633 206 84 612 445 144 116 707 329 108 76 381 451 164 115 372 311 101 84 531 318 125 95 332 254 88 81 355 81 51 42 803 417 160 121 756 514 50 60 656 284 92 84 316 240 64 55 510 245 88 90 614 250 84 82 746 566 208 154 325 182 66 56 973 519 272 201 147 25 36 20 411 162 57 53 308 153 53 33 469 217 71 88 468 233 58 71 0 379 69 159 51 105 21 30 296 3 32 14 
86 457 638 194 78 613 448 141 115 709 329 107 77 386 437 163 135 372 311 103 84 532 317 125 98 804 417 159 122 331 253 90 82 356 81 51 43 656 284 92 84 316 240 64 55 751 517 52 60 616 250 83 82 511 244 87 94 325 183 66 55 750 569 210 151 147 25 36 21 978 522 270 198 411 162 57 54 468 232 57 72 741 269 35 57 309 156 56 24 469 216 69 89 52 104 20 28 304 150 52 24 0 376 72 154 296 3 33 15 145 0 32 15 
87 462 645 175 71 613 451 143 117 712 329 105 77 371 313 104 84 385 439 171 142 533 313 124 104 355 82 52 43 331 254 90 80 802 421 163 120 317 240 63 54 325 182 67 56 511 246 85 92 657 284 91 84 756 575 208 145 616 250 83 82 147 25 36 21 54 104 22 28 309 156 56 25 469 216 69 91 412 161 79 55 468 233 57 71 0 370 70 157 751 524 51 72 304 150 53 24 296 3 32 15 
88 613 455 144 115 464 654 182 66 711 331 108 76 369 325 109 73 386 444 172 143 355 83 53 42 333 255 89 80 532 313 127 105 818 425 156 120 316 240 64 55 511 268 82 89 324 181 67 58 763 579 205 141 147 25 36 21 657 285 92 84 748 528 51 65 616 250 83 83 0 357 68 160 308 154 53 33 468 216 71 89 412 162 79 54 297 3 30 15 488 106 16 31 750 272 34 55 468 233 58 71 591 227 67 60 304 150 52 23 
89 465 657 185 62 711 330 108 78 620 454 144 121 371 324 107 75 388 448 168 144 355 82 54 44 335 254 88 81 528 318 119 98 823 427 160 119 316 240 65 55 758 583 207 137 514 267 81 91 658 283 90 86 325 182 67 56 411 162 58 54 147 24 35 21 467 215 72 90 592 228 67 58 618 250 80 84 468 232 58 73 746 529 51 61 310 156 55 24 305 149 52 24 0 357 70 152 295 3 35 15 
90 711 331 109 76 623 456 142 123 465 673 199 43 389 455 174 146 371 324 107 76 537 315 121 106 354 81 57 45 825 419 166 139 335 254 90 80 316 240 65 55 755 597 218 117 514 265 82 93 325 180 65 45 657 283 92 86 468 215 71 90 411 163 58 52 592 228 67 58 618 250 81 84 310 157 55 24 468 232 58 73 148 24 32 21 306 149 51 23 296 3 33 15 
91 711 332 111 78 625 460 142 124 369 324 110 77 392 460 171 145 538 317 122 106 479 682 159 38 316 240 66 55 336 254 87 83 358 83 53 43 827 421 169 140 760 599 218 121 513 263 84 97 324 181 68 57 468 214 70 92 656 284 93 85 144 23 35 21 755 276 35 51 308 153 53 34 592 227 66 60 363 102 48 29 411 163 58 52 1 349 75 149 618 251 82 83 305 149 51 24 296 3 33 15 
92 712 332 111 79 368 324 114 79 628 459 137 129 539 318 122 105 392 463 172 148 356 82 55 44 316 240 66 55 337 255 88 82 769 601 209 119 477 687 163 33 835 431 164 135 731 541 69 110 513 264 87 95 325 180 65 45 657 285 92 83 469 215 70 91 731 580 71 90 756 277 35 51 0 332 76 156 592 228 67 58 738 590 38 79 619 251 79 82 468 232 58 73 308 153 54 35 364 102 47 30 413 163 77 51 305 149 52 23 
93 367 323 117 82 713 332 109 79 631 467 137 125 539 319 123 105 392 470 168 147 359 84 52 43 836 429 170 142 338 253 88 87 728 545 66 110 316 240 66 55 771 605 209 113 512 262 88 98 325 180 65 45 0 331 78 153 470 215 70 91 657 285 91 83 592 228 68 59 619 251 81 80 468 232 58 73 308 153 54 35 411 164 68 49 505 687 138 33 735 605 43 73 363 102 47 30 306 149 51 23 
94 369 326 113 80 714 333 110 80 637 472 133 124 394 482 172 147 540 320 122 106 728 547 66 105 362 95 53 37 339 254 86 86 779 618 228 102 318 240 65 57 734 605 47 79 838 429 174 144 512 259 88 103 324 180 66 46 591 229 69 58 467 214 70 92 307 153 54 35 0 328 80 150 653 282 95 87 413 168 68 64 
95 370 329 113 78 395 483 175 151 714 335 111 78 363 94 52 38 643 476 132 121 337 255 90 85 782 625 221 95 539 320 126 108 318 241 67 57 733 605 47 81 843 449 165 120 324 180 66 46 591 229 68 58 511 256 90 107 307 153 54 35 467 214 69 92 724 555 70 92 411 164 67 49 0 326 84 145 759 284 37 49 581 206 59 44 
96 370 329 113 80 648 481 130 119 364 94 51 38 715 337 112 76 396 483 175 158 543 321 123 108 336 256 91 85 318 241 67 56 784 629 220 91 730 619 48 72 324 180 66 46 591 229 68 58 846 451 166 119 511 256 90 108 307 153 54 35 467 213 68 94 413 168 68 63 723 570 70 103 144 22 35 21 0 313 83 140 70 67 36 49 728 571 52 60 581 206 59 43 
97 371 330 111 81 364 94 51 39 638 482 163 121 787 635 229 85 716 339 112 76 405 490 181 162 544 322 122 109 337 255 89 87 318 241 67 57 324 180 66 45 726 619 50 77 591 229 69 58 719 570 73 111 467 212 67 95 307 153 54 35 413 169 69 62 0 309 86 148 845 439 173 149 660 294 89 79 512 254 89 110 
98 373 330 113 83 719 341 113 76 364 94 51 40 641 483 165 127 544 323 125 112 402 506 190 156 339 255 87 87 804 641 213 79 319 241 67 58 847 455 186 144 324 180 66 46 770 290 38 44 0 308 87 145 307 153 55 34 716 575 80 107 466 212 69 94 592 229 68 58 75 65 33 52 413 169 68 62 724 635 47 69 655 285 97 85 619 251 84 79 717 599 77 102 
99 374 330 114 84 643 484 165 127 365 94 50 41 721 341 112 77 405 505 184 162 806 646 218 74 339 255 87 87 544 324 126 110 851 455 182 144 319 240 67 59 77 62 30 55 324 180 67 46 714 635 80 79 771 290 38 44 307 153 54 35 466 211 71 95 0 307 85 138 592 229 69 59 655 286 99 84 412 169 70 63 717 595 73 105 620 250 82 80 579 207 61 45 512 255 90 109 
100 371 332 121 86 406 511 182 162 364 94 51 42 649 489 164 136 855 452 182 151 720 340 117 79 814 651 214 69 546 327 123 108 319 240 67 60 339 254 87 89 324 179 67 47 718 596 72 104 79 61 28 56 307 153 54 35 772 292 39 44 466 209 71 97 714 639 80 77 0 306 109 131 412 169 70 62 592 228 69 61 655 286 98 85 1108 603 165 107 619 251 81 79 
101 374 332 118 88 722 341 118 80 651 489 164 145 863 451 179 157 364 95 53 43 409 512 188 170 543 346 131 93 718 603 72 96 810 658 227 62 320 242 67 58 324 180 67 46 340 270 97 79 307 153 55 34 776 294 37 43 655 284 99 88 413 166 65 42 467 210 70 96 591 229 70 61 621 251 79 79 0 304 108 129 357 82 52 45 1119 611 153 91 722 648 56 70 
102 374 332 119 90 413 527 189 169 864 454 188 157 364 96 53 42 544 344 132 95 655 507 160 121 818 670 256 50 723 341 117 81 716 606 75 95 319 242 68 58 339 269 99 80 324 180 67 46 307 153 55 34 414 166 63 41 466 210 72 96 591 229 70 61 0 289 86 133 655 283 98 90 724 652 55 66 621 251 80 80 779 295 37 42 79 64 34 28 573 210 74 39 
103 660 504 162 134 411 528 199 173 373 333 123 92 364 95 53 43 544 343 131 97 715 612 77 89 864 453 195 162 319 242 69 57 832 676 234 42 724 348 117 81 338 269 101 81 324 180 67 46 307 153 55 35 414 166 63 42 586 228 83 60 0 289 89 130 466 211 72 96 655 282 98 91 621 251 79 80 511 241 96 117 
104 664 506 155 137 375 336 123 92 415 536 198 172 544 340 134 102 363 94 55 46 869 456 195 161 319 242 69 58 724 348 120 82 324 180 66 46 336 271 104 81 467 211 72 96 715 615 78 89 1 288 88 125 586 229 83 59 307 153 55 34 414 166 63 42 830 683 249 37 621 251 81 80 784 301 39 44 512 242 94 114 654 282 100 92 571 211 75 37 339 2 35 16 356 84 54 43 
105 666 506 157 143 375 346 124 86 417 542 191 169 368 97 56 44 545 336 136 109 724 347 121 84 876 460 190 162 319 242 69 58 324 180 66 46 337 271 102 82 713 628 77 86 0 286 109 123 308 153 54 34 467 211 73 96 586 229 84 59 788 303 37 43 414 166 63 42 620 251 82 80 513 254 93 112 654 282 101 92 571 211 75 36 711 676 84 44 338 2 36 16 356 84 53 41 
106 666 511 167 146 374 344 126 90 418 558 200 162 545 335 137 112 368 97 56 45 319 242 69 57 726 348 118 84 717 633 79 81 881 459 187 167 336 271 104 83 792 305 35 42 324 180 66 46 307 154 54 34 0 280 110 124 468 211 72 96 586 229 84 59 414 166 63 42 514 254 92 113 621 251 82 81 727 679 59 41 355 84 53 40 568 211 77 38 338 2 36 16 654 279 101 96 510 129 22 32 
107 375 347 124 87 668 514 173 148 425 559 187 159 546 337 138 111 884 467 188 164 321 242 69 59 369 97 54 46 717 635 78 84 337 276 103 79 736 345 117 91 324 180 66 45 795 305 38 42 585 228 87 61 307 153 56 34 353 88 56 34 470 210 72 96 414 170 66 61 514 257 99 109 0 277 110 122 511 132 24 30 652 279 101 96 621 253 82 78 338 2 35 16 
108 672 519 178 152 375 346 124 90 431 564 183 154 321 241 69 60 550 337 132 114 732 645 66 72 368 97 56 47 734 349 121 88 887 465 184 169 797 308 40 40 335 277 105 80 324 180 66 45 352 88 57 34 307 153 56 34 585 227 87 62 470 209 71 99 414 170 66 61 655 282 98 93 514 259 102 108 621 253 83 77 512 132 26 31 3 269 85 114 338 2 36 16 
109 676 524 172 153 376 350 122 89 430 569 186 151 730 651 72 68 552 339 132 114 321 242 68 60 368 98 56 47 890 465 179 167 799 309 40 40 737 349 123 90 336 278 103 81 324 180 66 44 352 88 56 33 307 153 56 34 470 209 71 99 414 166 63 42 585 227 87 62 515 258 101 108 622 252 81 77 655 282 97 93 338 2 36 16 
110 436 579 181 141 683 528 166 151 377 351 122 90 738 659 70 59 322 242 67 60 369 106 57 40 556 339 130 116 897 478 197 176 352 89 57 32 324 180 66 44 802 312 40 45 336 280 104 81 739 350 124 90 585 227 86 62 307 153 56 34 415 165 63 42 515 261 102 106 470 212 72 95 623 254 81 77 655 282 96 93 515 132 26 33 0 265 108 118 338 2 36 16 
111 689 537 170 148 376 354 123 91 436 584 187 136 370 108 55 38 322 243 68 58 902 486 203 173 337 278 103 85 742 352 121 89 558 340 128 118 324 180 65 44 744 670 63 50 352 89 58 31 585 228 87 61 415 165 62 43 513 261 104 106 307 153 56 34 470 211 71 97 517 132 23 33 807 314 38 46 338 2 35 16 1 264 105 114 
112 685 536 179 161 374 355 127 95 432 597 197 120 370 108 56 39 336 280 106 84 321 243 69 58 903 489 214 173 808 316 40 46 324 180 66 44 747 355 117 88 352 89 57 31 586 228 86 60 415 166 63 42 307 153 56 34 513 262 105 107 559 341 125 118 743 679 99 41 470 214 69 93 338 2 35 16 654 281 98 94 3 264 105 108 624 257 80 75 
113 690 542 177 161 444 600 222 120 334 283 111 80 375 359 127 93 372 108 53 39 321 244 70 57 910 491 210 173 750 359 115 87 352 89 57 33 324 180 65 44 562 342 121 118 811 319 40 44 415 166 62 42 516 263 103 106 586 228 86 60 307 153 56 33 471 213 67 96 143 14 32 17 338 2 35 16 
114 692 550 179 159 444 614 223 106 376 360 126 95 372 108 54 40 919 494 203 168 334 284 109 83 322 244 70 56 752 363 116 85 516 265 104 107 324 180 66 44 563 343 122 120 811 321 44 40 352 90 57 34 585 228 88 60 415 166 62 41 306 153 56 35 472 213 66 94 144 14 33 17 524 143 21 30 625 257 80 76 337 2 36 17 654 281 102 94 
115 694 553 177 157 446 624 208 95 377 363 124 95 373 107 53 42 330 284 116 84 924 494 199 168 322 244 70 55 324 180 66 44 563 347 125 116 352 91 57 33 756 380 111 76 516 266 105 107 415 167 62 40 306 154 57 34 585 228 88 59 472 214 68 94 813 323 42 40 147 14 33 17 8 247 104 109 525 143 22 31 337 2 36 17 0 153 7 69 
116 703 565 181 148 444 633 217 86 384 373 125 90 374 108 52 42 333 286 112 82 315 244 82 54 927 507 203 179 352 91 57 33 324 181 66 43 564 350 122 113 415 166 62 40 517 264 107 110 473 215 68 95 585 228 87 59 757 378 114 80 307 154 55 33 527 141 23 36 10 246 101 107 337 2 36 17 146 15 33 15 757 378 114 80 0 154 8 64 632 258 75 74 
117 709 570 179 147 450 646 209 74 384 376 125 87 373 110 54 41 315 246 83 53 931 512 198 177 336 297 107 74 14 246 94 103 562 368 133 104 352 92 58 33 324 180 65 44 415 166 61 40 521 266 102 108 587 228 86 60 307 154 55 34 473 215 65 96 528 141 22 38 756 375 121 85 631 262 88 67 0 155 11 61 337 2 37 17 756 375 121 85 304 149 54 23 
118 714 574 179 142 382 377 129 90 373 110 55 42 459 654 196 66 942 518 211 168 321 248 70 66 565 352 123 118 760 375 124 87 337 296 106 77 353 96 60 35 17 244 94 103 414 167 62 39 324 181 65 44 588 228 85 60 518 265 106 112 632 263 86 66 660 299 103 81 306 154 56 34 473 215 68 96 1 157 12 56 92 59 25 38 441 190 59 49 528 143 23 37 147 15 32 15 337 2 39 17 
119 721 581 181 135 373 109 55 44 384 380 127 93 463 671 198 48 947 519 218 172 321 249 70 66 758 373 132 90 567 353 126 118 588 229 85 59 354 96 58 35 336 296 107 77 17 242 95 101 520 266 106 113 414 167 62 40 324 181 66 43 627 258 86 76 306 154 56 34 660 300 104 82 473 217 65 95 441 190 59 48 0 157 22 53 473 235 63 76 147 15 32 16 337 2 39 17 531 143 23 37 
120 726 585 175 135 374 110 54 44 389 383 123 94 955 520 210 170 322 250 69 65 354 96 58 34 494 679 153 41 589 228 84 61 759 373 133 92 338 296 105 79 569 350 124 124 415 167 61 39 324 181 66 43 520 267 107 113 627 257 90 77 662 300 103 82 19 239 97 99 307 153 55 34 441 190 59 48 0 146 22 61 473 217 66 95 148 14 31 16 473 235 63 76 532 144 23 36 338 2 38 17 
121 720 597 196 120 390 387 123 92 374 111 54 43 961 534 218 172 322 251 70 64 348 299 103 76 355 97 59 33 589 228 84 61 569 352 125 118 627 256 89 78 414 167 62 39 324 181 66 43 760 375 134 92 307 153 55 34 663 300 102 85 522 264 103 118 502 687 141 33 473 236 63 74 441 190 59 49 534 145 22 34 475 217 64 95 148 14 31 16 0 149 26 53 337 2 39 17 
122 724 598 196 122 375 111 53 44 390 388 128 96 322 251 71 66 355 97 59 33 663 301 105 85 968 538 216 173 589 228 84 61 627 257 89 78 351 298 101 81 414 167 62 39 569 358 144 126 307 154 55 34 441 190 60 48 325 181 64 43 475 218 69 96 763 375 135 95 524 281 99 108 1 150 26 50 473 242 63 75 497 700 157 19 147 15 33 16 537 157 24 28 537 147 23 31 304 149 53 23 
123 732 599 190 121 391 398 129 95 377 111 50 45 349 301 103 82 322 252 73 64 356 96 56 34 973 544 209 168 589 228 84 61 566 360 138 123 666 302 101 85 627 255 88 79 324 181 65 43 414 166 62 41 524 264 101 122 22 224 96 97 476 218 66 97 307 154 55 34 772 381 133 95 442 190 58 48 473 241 63 76 540 157 23 28 845 341 39 48 1 148 27 50 148 15 33 16 541 148 21 29 333 222 61 38 762 378 138 95 304 149 53 23 
124 726 613 206 107 349 303 106 83 392 399 129 94 377 111 51 45 322 253 74 64 357 97 54 33 669 303 100 86 627 255 87 81 590 228 83 60 987 548 217 162 324 181 65 43 414 166 62 42 307 154 55 34 475 218 67 97 849 342 38 47 768 381 142 97 527 281 98 109 541 157 23 29 442 189 59 50 573 362 139 124 768 381 142 97 148 15 32 15 338 2 40 18 543 149 21 28 5 150 19 43 304 149 53 23 336 226 75 36 474 241 63 76 
125 735 616 232 104 396 402 124 93 354 303 103 86 376 111 54 47 322 255 77 60 672 307 101 85 359 97 51 33 990 552 220 159 590 228 84 60 307 154 56 34 569 367 134 120 475 219 74 96 632 265 90 66 850 345 41 45 415 166 61 43 527 278 101 114 324 182 65 41 771 382 137 99 441 191 61 46 28 221 95 97 543 157 22 30 338 2 40 18 771 382 137 99 333 222 61 38 148 14 34 17 303 145 56 32 
126 397 404 126 94 353 303 107 87 322 255 77 61 377 110 53 48 747 625 220 95 673 307 103 85 358 97 53 34 590 228 84 61 851 347 43 44 415 167 60 40 628 257 90 78 569 369 135 119 325 182 64 41 308 154 55 34 474 219 73 95 785 399 123 92 527 276 104 118 28 217 96 96 441 191 60 46 334 222 61 37 338 2 39 18 995 578 252 132 545 158 22 29 545 158 22 29 305 149 53 23 
127 399 408 126 97 354 305 107 86 748 632 229 88 323 255 76 62 376 109 53 50 674 308 103 85 359 99 55 34 786 399 125 93 590 228 84 60 1016 570 206 148 414 167 62 41 325 182 64 41 627 255 91 80 308 154 55 34 569 371 134 120 28 214 97 98 441 191 61 45 473 221 72 93 525 274 110 122 853 348 44 46 333 222 61 37 338 2 40 18 548 158 21 30 548 158 21 30 
128 401 411 129 100 753 643 217 77 380 121 52 41 357 307 106 87 324 255 73 60 359 99 53 35 787 398 130 97 575 386 147 119 673 319 111 85 1024 578 187 89 587 227 84 61 324 181 64 42 414 166 61 43 473 224 78 90 525 273 113 125 307 154 56 34 28 212 99 93 443 191 60 47 474 243 73 77 859 356 42 46 624 256 92 78 333 223 61 37 304 150 54 23 
129 401 416 132 99 761 648 211 71 380 122 52 40 324 256 74 59 789 400 131 97 357 308 108 89 360 99 52 35 574 386 151 120 1038 583 166 80 673 319 114 85 587 227 85 61 415 167 60 41 324 182 64 41 526 273 113 127 472 224 76 91 307 154 56 34 442 191 61 48 552 157 23 36 864 358 39 45 633 266 87 63 474 244 72 76 1045 589 192 119 333 223 61 38 304 150 54 22 338 2 41 19 
130 401 416 136 103 381 122 51 40 324 256 75 59 357 307 111 93 769 654 198 66 361 99 51 35 577 383 150 125 792 403 133 96 673 319 118 84 1049 593 190 110 414 167 61 41 324 181 64 42 586 227 85 62 527 274 112 125 867 361 42 42 472 225 75 91 475 245 72 75 307 154 56 34 442 191 62 48 633 266 86 63 332 223 62 38 160 12 33 24 35 209 94 87 304 150 53 22 
131 398 421 143 108 380 122 55 42 793 409 135 95 357 310 111 91 326 255 74 63 362 100 51 34 678 320 112 83 578 384 149 125 324 181 64 42 633 266 86 64 870 363 43 42 585 227 85 61 475 245 73 76 1055 600 188 98 525 275 118 124 307 154 56 34 415 173 61 55 473 224 76 92 770 663 204 54 442 190 63 50 161 12 33 23 33 200 91 90 
132 402 424 142 109 380 121 56 44 354 323 113 83 362 101 52 34 796 410 135 97 678 320 113 83 326 256 72 63 581 385 145 126 324 180 64 43 474 246 74 76 1065 607 186 90 584 228 86 59 767 672 269 46 873 368 41 48 306 154 56 34 415 173 60 55 642 266 75 69 527 277 115 125 161 12 34 23 473 226 79 90 444 191 59 49 34 200 90 89 338 1 41 20 
133 407 430 136 108 379 122 58 44 356 324 112 85 802 413 131 96 363 101 52 34 326 258 73 71 586 387 142 125 875 370 43 46 681 319 109 85 325 180 63 43 306 153 56 35 415 174 61 54 584 227 86 60 475 245 74 78 642 266 76 69 799 683 194 37 528 277 114 126 162 11 33 23 473 225 81 92 444 191 59 48 18 139 23 38 337 1 41 20 
